Origin
0.991444861374 0.0 0.0 0.13052619222
1.0 0.0 0.0 0.0
1.0 0.0 0.0 0.0
Shoulder_r
1.0 0.0 0.0 0.0
1.0 0.0 0.0 0.0
1.0 0.0 0.0 0.0
Arm_r
0.998629534755 0.0523359562429 1.67397203818e-17 2.69163742977e-17
1.0 4.10178901058e-18 1.53080849893e-17 2.77555756156e-17
0.998629534755 0.0523359562429 0.0 0.0
Forearm_r
0.654203910697 0.458078509796 -0.492978006499 0.345186916322
0.798635510047 -0.0 -0.601815023152 -0.0
0.819152044289 0.573576436351 0.0 0.0
Hand_r
0.727994534184 0.13325129426 0.669899494012 0.0591837705587
0.727994534184 0.13325129426 0.669899494012 0.0591837705587
1.0 0.0 0.0 0.0
Finger_r_1a
1.0 0.0 0.0 0.0
1.0 0.0 0.0 0.0
1.0 0.0 0.0 0.0
Finger_r_1b
1.0 0.0 0.0 0.0
1.0 0.0 0.0 0.0
1.0 0.0 0.0 0.0
Finger_r_1c
1.0 0.0 0.0 0.0
1.0 0.0 0.0 0.0
1.0 0.0 0.0 0.0
Finger_r_2a
1.0 0.0 0.0 0.0
1.0 0.0 0.0 0.0
1.0 0.0 0.0 0.0
Finger_r_2b
1.0 0.0 0.0 0.0
1.0 0.0 0.0 0.0
1.0 0.0 0.0 0.0
Finger_r_2c
1.0 0.0 0.0 0.0
1.0 0.0 0.0 0.0
1.0 0.0 0.0 0.0
Finger_r_3a
1.0 0.0 0.0 0.0
1.0 0.0 0.0 0.0
1.0 0.0 0.0 0.0
Finger_r_3b
1.0 0.0 0.0 0.0
1.0 0.0 0.0 0.0
1.0 0.0 0.0 0.0
Finger_r_3c
1.0 0.0 0.0 0.0
1.0 0.0 0.0 0.0
1.0 0.0 0.0 0.0
Finger_r_4a
1.0 0.0 0.0 0.0
1.0 0.0 0.0 0.0
1.0 0.0 0.0 0.0
Finger_r_4b
1.0 0.0 0.0 0.0
1.0 0.0 0.0 0.0
1.0 0.0 0.0 0.0
Finger_r_4c
1.0 0.0 0.0 0.0
1.0 0.0 0.0 0.0
1.0 0.0 0.0 0.0
Finger_r_5a
1.0 0.0 0.0 0.0
1.0 0.0 0.0 0.0
1.0 0.0 0.0 0.0
Finger_r_5b
1.0 0.0 0.0 0.0
1.0 0.0 0.0 0.0
1.0 0.0 0.0 0.0
Finger_r_5c
1.0 0.0 0.0 0.0
1.0 0.0 0.0 0.0
1.0 0.0 0.0 0.0
